ASC_BEV_LIL = -0.5512210867045166
ASC_BEV_LUK = 0.5161679593863776
ASC_BEV_MEL = 0.1388864402816815
ASC_BEV_MINI = -0.3191517941977621
ASC_BEV_PREM = -0.3556960783561723
ASC_BEV_STOR = -0.15821770707288377
ASC_ICV_LIL = -0.5946101246883897
ASC_ICV_LUK = 0.7468522820312804
ASC_ICV_MEL = -0.11634200405084284
ASC_ICV_MINI = -0.5039927609458823
ASC_ICV_PREM = -0.31699988890279596
ASC_ICV_STOR = -0.41837613091766135
ASC_PHEV_LIL = 0.09578317116122079
ASC_PHEV_MEL = 0.9290568785421764
ASC_PHEV_MINI = 0.24807724735505768
ASC_PHEV_PREM = 0.10855223598160836
ASC_PHEV_STOR = 0.5512313610995391
BETA_Acceleration = -0.018968886313218667
BETA_CO2 = -0.0013434080899640654
BETA_Charginginfrastructure = -8.818232370006117e-05
BETA_Chargingspeed = 0.001996867314823629
BETA_Homechargeravailability = -0.014912494889462526
BETA_Homedistnearestcharger = -0.0008387617605278031
BETA_Operationcost = -0.3092025805456226
BETA_Purchaseprice = -3.0862501391518426e-06
BETA_Range = 0.0009464126145453783
BETA_Size = 0.06808228548072406
BETA_Yearlycost = -5.628980839677491e-05
BETA_age = -9.383670539368043e-05
BETA_gender = -0.5996800133690124
